# Connected Rod Model - Equilibrium Fit Results
# Data file: input/data_800k.dat
# Chi-squared: 2615.6934, Chi-squared/dof: 33.9700, dof: 77
# 
# Fit Parameters:
#   amplitude: 1.000000 (fixed)
#   radius: 16.431773 +/- 0.217584
#   length: 59.973294 +/- 0.403587
#   background: 0.079560 (fixed)
#   vol_fraction_sld: 2.824028 +/- 0.034470
#   n_cyl: 22.000000 (fixed)
#   sigma_r: 1.911481 +/- 0.056766
# 
# Q	I_exp	I_fit	sigma_I	sigma_Q
2.998390e-03	3.705410e+01	2.996144e+01	1.793280e+00	4.562610e-04
3.148310e-03	3.645290e+01	2.998962e+01	1.669460e+00	4.476320e-04
3.305730e-03	3.858250e+01	2.992077e+01	1.439750e+00	4.796520e-04
3.471010e-03	3.793880e+01	2.984407e+01	1.350680e+00	4.819880e-04
3.644560e-03	3.411650e+01	2.973760e+01	1.097940e+00	5.184350e-04
3.826790e-03	3.434670e+01	2.962564e+01	1.052010e+00	5.135740e-04
4.018130e-03	3.483880e+01	2.948993e+01	9.080550e-01	5.494300e-04
4.219040e-03	3.465890e+01	2.934258e+01	8.785330e-01	5.493490e-04
4.429990e-03	3.275520e+01	2.917217e+01	7.334430e-01	5.869910e-04
3.305730e-03	3.858250e+01	2.992077e+01	1.439750e+00	4.796520e-04
3.471010e-03	3.793880e+01	2.984407e+01	1.350680e+00	4.819880e-04
3.644560e-03	3.411650e+01	2.973760e+01	1.097940e+00	5.184350e-04
3.826790e-03	3.434670e+01	2.962564e+01	1.052010e+00	5.135740e-04
4.018130e-03	3.483880e+01	2.948993e+01	9.080550e-01	5.494300e-04
4.219040e-03	3.465890e+01	2.934258e+01	8.785330e-01	5.493490e-04
4.429990e-03	3.275520e+01	2.917217e+01	7.334430e-01	5.869910e-04
4.651490e-03	3.222690e+01	2.898854e+01	7.136200e-01	5.761870e-04
4.884070e-03	3.153500e+01	2.877479e+01	6.197180e-01	6.197750e-04
5.128270e-03	3.153120e+01	2.854418e+01	6.030500e-01	6.106690e-04
5.384680e-03	3.068910e+01	2.828060e+01	5.325900e-01	6.397660e-04
5.653920e-03	3.146590e+01	2.799034e+01	5.213990e-01	6.474300e-04
5.936610e-03	3.120060e+01	2.766334e+01	4.726470e-01	6.817290e-04
6.233440e-03	2.946960e+01	2.730788e+01	4.441790e-01	6.695310e-04
6.545110e-03	2.852130e+01	2.690765e+01	4.008121e-01	7.020240e-04
6.872370e-03	2.780780e+01	2.647187e+01	3.829800e-01	6.977470e-04
7.215990e-03	2.785500e+01	2.598775e+01	3.543859e-01	7.361200e-04
7.576790e-03	2.666290e+01	2.546461e+01	3.344850e-01	7.295180e-04
7.955630e-03	2.551160e+01	2.489265e+01	3.075810e-01	7.546190e-04
8.353410e-03	2.467890e+01	2.427647e+01	2.902690e-01	7.695070e-04
8.771080e-03	2.408870e+01	2.361579e+01	2.719340e-01	7.941000e-04
9.209630e-03	2.354870e+01	2.291422e+01	2.589780e-01	8.020910e-04
9.670110e-03	2.272480e+01	2.217499e+01	2.434870e-01	8.422130e-04
1.015360e-02	2.146620e+01	2.140306e+01	2.275970e-01	8.393430e-04
1.066130e-02	2.033840e+01	2.060735e+01	2.122000e-01	8.787390e-04
1.119440e-02	1.940510e+01	1.979179e+01	2.010740e-01	8.820770e-04
1.175410e-02	1.846350e+01	1.897023e+01	1.883210e-01	9.188410e-04
1.234180e-02	1.735360e+01	1.814561e+01	1.765350e-01	9.330770e-04
1.295890e-02	1.694060e+01	1.732971e+01	1.692240e-01	9.673010e-04
1.360680e-02	1.566370e+01	1.652348e+01	1.577980e-01	9.891140e-04
1.428720e-02	1.469810e+01	1.573078e+01	1.486400e-01	1.018470e-03
1.500150e-02	1.409400e+01	1.494929e+01	1.422300e-01	1.051660e-03
1.575160e-02	1.316290e+01	1.417293e+01	1.335790e-01	1.080540e-03
1.653920e-02	1.210900e+01	1.339555e+01	1.261630e-01	1.116810e-03
1.736610e-02	1.152760e+01	1.260912e+01	1.196050e-01	1.147050e-03
1.823440e-02	1.053090e+01	1.181009e+01	1.126950e-01	1.192690e-03
1.914620e-02	1.013540e+01	1.099934e+01	1.082380e-01	1.228830e-03
2.010350e-02	9.382350e+00	1.018853e+01	1.027530e-01	1.273990e-03
2.110860e-02	8.753770e+00	9.395037e+00	9.666120e-02	1.305570e-03
2.216410e-02	8.108440e+00	8.645829e+00	9.171630e-02	1.357660e-03
2.327230e-02	7.659510e+00	7.959883e+00	8.624770e-02	1.397430e-03
2.443590e-02	6.970880e+00	7.352803e+00	8.220880e-02	1.460960e-03
2.565770e-02	6.508160e+00	6.812793e+00	7.468710e-02	1.487440e-03
2.694060e-02	5.889140e+00	6.323485e+00	7.071560e-02	1.549980e-03
2.828760e-02	5.452500e+00	5.849847e+00	6.394100e-02	1.580650e-03
2.970200e-02	5.128140e+00	5.370640e+00	5.996110e-02	1.632980e-03
3.118710e-02	4.608270e+00	4.885647e+00	5.400870e-02	1.682790e-03
3.274640e-02	4.349330e+00	4.420723e+00	4.915060e-02	1.726660e-03
3.438380e-02	3.954520e+00	4.010643e+00	4.528630e-02	1.770090e-03
3.610300e-02	3.685920e+00	3.671177e+00	4.024360e-02	1.818010e-03
3.790810e-02	3.398380e+00	3.381460e+00	3.720480e-02	1.858590e-03
3.980350e-02	3.086930e+00	3.101908e+00	3.247710e-02	1.923560e-03
4.179370e-02	2.820800e+00	2.813011e+00	2.991580e-02	1.958620e-03
4.388340e-02	2.667700e+00	2.538304e+00	2.648320e-02	2.025270e-03
4.607750e-02	2.396270e+00	2.310980e+00	2.398140e-02	2.055220e-03
4.838140e-02	2.231150e+00	2.128420e+00	2.129210e-02	2.151780e-03
5.080050e-02	2.087340e+00	1.949241e+00	1.957740e-02	2.183350e-03
5.334050e-02	1.895540e+00	1.762388e+00	1.702680e-02	2.286220e-03
5.600750e-02	1.729280e+00	1.599951e+00	1.556050e-02	2.316190e-03
5.880790e-02	1.592940e+00	1.473352e+00	1.367750e-02	2.417400e-03
6.174830e-02	1.445720e+00	1.344726e+00	1.248190e-02	2.472800e-03
6.483570e-02	1.302260e+00	1.210001e+00	1.091660e-02	2.585200e-03
6.807750e-02	1.184830e+00	1.102581e+00	1.001600e-02	2.661930e-03
7.148140e-02	1.095370e+00	1.009236e+00	8.878080e-03	2.782860e-03
7.505540e-02	9.940600e-01	9.092798e-01	8.131640e-03	2.867520e-03
7.880820e-02	8.922790e-01	8.257322e-01	7.211580e-03	2.987990e-03
8.274860e-02	8.032750e-01	7.470873e-01	6.574610e-03	3.097810e-03
8.688610e-02	7.220740e-01	6.655054e-01	5.898310e-03	3.238100e-03
9.123040e-02	6.494330e-01	5.987791e-01	5.364280e-03	3.363680e-03
9.579190e-02	5.822470e-01	5.344781e-01	4.859150e-03	3.511979e-03
1.005810e-01	5.185430e-01	4.811466e-01	4.406120e-03	3.646980e-03
1.056110e-01	4.621240e-01	4.320305e-01	4.016360e-03	3.810810e-03
